-5.4455	0.018
-5.4675	0.0155
-5.735	0.0145
-6.553	0.0095
-5.8655	0.0115
-4.9195	0.0095
-3.848	0.0105
-2.8675	0.0185
-2.5055	0.019
-1.978	0.0155
-1.478	0.0215
-1.3915	0.024
-2.6295	0.014
-2.7455	0.008
-2.397	0.013
-4.273	0.014
-3.958	0.014
-3.4095	0.016
-3.2565	0.018
-2.9205	0.0175
-0.628	0.03
-0.532	0.0295
0.0665	0.0325
0.2635	0.0365
0.5945	0.0325
0.476	0.0275
-0.1435	0.0255
0.419	0.035
0.1725	0.0315
-0.0605	0.0235
-0.076	0.022
-0.5515	0.0205
-0.656	0.02
-0.1255	0.02
-0.2245	0.022
-0.5355	0.0275
-0.229	0.0205
0.1235	0.0175
1.045	0.026
1.037	0.0275
1.5125	0.036
1.511	0.0375
1.576	0.0355
1.109	0.038
0.954	0.034
0.952	0.031
1.2465	0.0305
1.5105	0.0365
1.3405	0.0345
1.661	0.0415
2.322	0.0455
2.8735	0.0455
3.0605	0.046
3.333	0.041
3.549	0.055
3.659	0.063
3.208	0.05
4.1245	0.06
3.6525	0.048
3.642	0.054
3.4315	0.0555
1.6575	0.0355
1.5385	0.034
1.8025	0.041
1.514	0.0365
1.3275	0.038
1.1895	0.0325
1.7195	0.04
1.13	0.034
0.9465	0.035
1.457	0.03
4.076	0.057
4.181	0.051
3.573	0.042
4.2435	0.051
4.4365	0.046
2.1155	0.034
2.0685	0.04
2.4055	0.0365
2.7135	0.041
3.174	0.036
3.164	0.0375
4.5915	0.047
4.565	0.052
5.1725	0.0585
5.6775	0.0535
4.951	0.0545
4.966	0.059
4.4745	0.055
4.037	0.049
3.4865	0.04
3.144	0.039
3.0965	0.049
3.3925	0.039
3.4515	0.0455
3.0385	0.0435
3.206	0.041
3.1465	0.0425
3.238	0.049
3.1195	0.044
3.267	0.039
3.3365	0.049
3.397	0.0405
5.014	0.063
5.209	0.0675
5.6565	0.064
4.9755	0.051
5.3735	0.058
6.1525	0.052
6.102	0.062
6.6835	0.062
6.154	0.062
6.8575	0.062
6.245	0.056
7.1115	0.0675
6.1065	0.0585
6.1315	0.0485
6.0955	0.062
4.961	0.0435
4.9655	0.0475
4.269	0.0395
2.8295	0.0405
3.3125	0.037
3.0405	0.044
4.7045	0.0525
4.6395	0.055
6.767	0.064
5.185	0.0625
5.297	0.052
5.842	0.0505
5.364	0.0615
5.352	0.06
5.517	0.0555
5.3765	0.06
5.5535	0.0625
6.6295	0.0685
6.541	0.074
7.0425	0.074
7.307	0.0735
8.0265	0.0755
8.361	0.088
8.1135	0.081
8.2575	0.082
8.628	0.085
7.8805	0.076
7.534	0.072
8.044	0.0755
7.8985	0.078
7.418	0.0665
7.717	0.0685
8.0255	0.065
8.0035	0.076
8.2045	0.071
7.8455	0.0675
8.462	0.076
8.358	0.079
8.4165	0.0825
8.5965	0.0785
8.425	0.071
8.946	0.07
8.6675	0.08
8.343	0.076
9.1435	0.0825
9.6045	0.0915
8.926	0.078
8.81	0.084
8.7475	0.082
9.7965	0.083
10.3625	0.0895
9.4825	0.086
10.0635	0.0915
9.9685	0.0845
10.5205	0.0955
10.527	0.092
8.7645	0.0795
8.549	0.0915
8.6005	0.081
9.5565	0.0855
10.352	0.0965
10.8905	0.1085
10.654	0.1005
10.7855	0.107
10.541	0.1035
10.5105	0.098
9.828	0.085
10.637	0.096
10.7205	0.093
11.084	0.1015
10.775	0.0905
11.055	0.1
10.494	0.092
10.9475	0.1055
11.0385	0.1085
10.743	0.1085
10.4505	0.114
10.259	0.1
9.8465	0.0885
9.586	0.0865
9.4195	0.092
9.1725	0.0845
9.622	0.0905
9.355	0.0845
9.059	0.072
9.1205	0.072
9.355	0.0805
9.1175	0.085
9.3375	0.0825
9.319	0.07
8.6365	0.0745
9.3485	0.0795
9.627	0.084
9.5895	0.089
9.2015	0.0745
9.7755	0.0745
9.281	0.0775
9.444	0.0815
8.8355	0.0745
8.773	0.078
9.071	0.077
9.793	0.093
8.4645	0.081
8.609	0.077
9.045	0.085
9.593	0.0975
8.5625	0.083
9.0375	0.088
9.301	0.091
8.551	0.0815
8.85	0.084
9.1985	0.0805
8.6125	0.0745
8.866	0.077
9.128	0.081
9.1355	0.0805
8.9135	0.0815
9.22	0.097
9.1775	0.074
9.489	0.0835
9.5655	0.076
10.148	0.0885
10.8245	0.097
10.8735	0.094
10.96	0.1
11.104	0.108
11.3015	0.096
11.7865	0.0985
12.01	0.1145
11.941	0.1125
11.758	0.0935
11.21	0.1005
10.8195	0.094
11.1925	0.091
10.834	0.089
11.4305	0.091
10.877	0.0855
10.935	0.098
11.403	0.096
10.4845	0.0815
11.4935	0.0965
10.781	0.0905
11.082	0.095
11.1165	0.091
11.05	0.094
11.7215	0.095
12.142	0.108
13.01	0.1135
12.829	0.126
12.672	0.1045
13.104	0.112
12.838	0.118
12.512	0.1045
12.621	0.105
11.905	0.1035
12.35	0.09
12.7625	0.09
12.6925	0.1085
12.42	0.1005
12.494	0.091
12.698	0.1125
11.5855	0.1
11.8965	0.0995
12.1595	0.1075
11.9195	0.0955
12.185	0.11
12.773	0.105
13.0725	0.118
13.762	0.1245
12.8925	0.121
13.667	0.1435
13.7375	0.134
13.358	0.1305
13.288	0.1235
13.1175	0.119
12.656	0.122
12.9965	0.114
12.5425	0.1135
12.802	0.106
12.688	0.108
12.313	0.1
12.55	0.118
12.717	0.11
13.0805	0.1155
12.8885	0.1005
12.925	0.1105
12.678	0.1015
12.6745	0.0955
12.67	0.101
12.85	0.1035
12.6305	0.108
12.8985	0.1125
13.369	0.1155
13.222	0.1245
13.3535	0.1275
13.8015	0.143
13.7265	0.1255
13.1965	0.123
13.6515	0.135
13.844	0.123
12.773	0.1105
13.8735	0.136
13.251	0.121
13.0765	0.1185
12.7175	0.11
12.244	0.11
12.6525	0.1185
12.7455	0.1085
12.532	0.123
12.346	0.1085
12.205	0.11
12.6375	0.1165
12.798	0.117
12.3495	0.114
12.3535	0.1175
11.7005	0.0975
11.5035	0.1105
11.8325	0.109
11.7925	0.1205
11.518	0.094
11.942	0.114
12.425	0.118
12.7365	0.1115
12.474	0.117
12.972	0.1135
13.1265	0.1165
13.2195	0.121
13.3805	0.1195
13.618	0.1175
13.214	0.122
13.2515	0.1175
14.811	0.142
14.8915	0.141
15.2075	0.1445
15.5965	0.1545
14.479	0.1315
14.606	0.123
15.2305	0.1405
15.6125	0.142
15.461	0.144
15.834	0.159
15.2875	0.154
14.831	0.139
15.4005	0.165
14.748	0.141
15.017	0.1395
14.981	0.133
15.578	0.1455
15.327	0.1455
15.1565	0.1525
15.554	0.1435
15.4385	0.142
15.69	0.1445
15.2315	0.1455
15.349	0.135
14.902	0.1395
15.687	0.148
15.3975	0.1525
15.54	0.1635
15.653	0.1595
15.575	0.157
15.7355	0.1575
15.6215	0.164
15.3055	0.1395
14.678	0.1345
15.004	0.1485
15.1575	0.148
14.6315	0.1455
14.985	0.1385
14.5085	0.1305
15.292	0.1535
14.684	0.146
16.8165	0.162
16.6465	0.1645
16.1455	0.1615
16.616	0.1715
16.1585	0.159
16.658	0.155
16.5375	0.154
16.653	0.153
16.6955	0.1575
17.221	0.1565
17.116	0.166
16.9325	0.1595
16.4885	0.1465
16.4045	0.152
16.7905	0.1585
16.4475	0.1705
15.987	0.1655
16.1345	0.151
15.7165	0.163
16.613	0.17
16.535	0.177
16.1045	0.153
15.322	0.1415
15.4065	0.1565
15.7775	0.1515
15.234	0.1415
15.7945	0.149
14.964	0.1335
15.444	0.1365
15.044	0.142
14.328	0.1295
14.981	0.1405
14.4695	0.1315
14.2865	0.1255
13.7765	0.1325
13.5605	0.1245
10.567	0.091
10.575	0.0825
10.528	0.0835
10.983	0.091
11.3395	0.097
14.7165	0.142
14.2865	0.142
14.899	0.1565
14.803	0.1425
15.052	0.1345
15.7925	0.171
15.773	0.1615
15.8905	0.136
15.7365	0.1505
15.8365	0.162
15.7855	0.1295
15.8255	0.1325
15.5695	0.134
16.6255	0.1485
16.8565	0.1575
17.5085	0.1485
17.4755	0.16
17.4445	0.1515
17.446	0.1475
17.604	0.1485
17.6795	0.1595
17.362	0.143
16.8725	0.149
17.04	0.1705
16.353	0.1465
16.118	0.145
16.5315	0.1505
16.0575	0.1575
16.5885	0.1605
16.606	0.1565
16.8815	0.147
17.055	0.164
16.692	0.1605
16.1245	0.156
16.358	0.1575
15.9915	0.1385
15.7025	0.14
16.1115	0.142
16.1565	0.139
15.3305	0.1365
16.032	0.147
15.931	0.1555
16.6425	0.166
16.722	0.1675
16.206	0.158
16.634	0.1615
15.9205	0.168
16.5685	0.178
15.9425	0.1495
15.801	0.1465
16.1795	0.159
15.804	0.153
15.649	0.1505
15.8735	0.1415
15.4325	0.1485
15.749	0.153
15.42	0.1415
16.2465	0.145
15.871	0.155
15.514	0.129
14.8765	0.1385
14.5885	0.127
14.718	0.131
13.9755	0.113
14.269	0.1385
14.614	0.133
14.447	0.128
14.4515	0.1215
14.321	0.1205
14.361	0.128
