-8.2905	0.008
-8.353	0.005
-8.401	0.007
-7.7645	0.0075
-7.5485	0.004
-6.6405	0.0055
-6.269	0.004
-5.1925	0.008
-4.9685	0.004
-4.7015	0.006
-4.59	0.0075
-5.001	0.0035
-5.022	0.0035
-5.1775	0.0065
-4.667	0.009
-4.4205	0.0105
-4.1965	0.012
-4.1915	0.015
-4.2105	0.0105
-3.7615	0.0115
-3.64	0.011
-3.3275	0.0085
-2.9245	0.0155
-2.8405	0.017
-2.9995	0.013
-2.358	0.015
-2.207	0.0175
-1.915	0.0255
-1.7775	0.016
-1.3885	0.0235
-1.402	0.0225
-1.972	0.0165
-1.595	0.0245
-2.185	0.015
-2.1095	0.0185
-1.6265	0.0145
-1.4365	0.0175
-0.9165	0.0195
-0.523	0.0235
-0.2715	0.024
-0.087	0.0275
-0.368	0.0235
0.238	0.0255
-0.2635	0.0175
0.3935	0.022
0.39	0.027
0.491	0.026
1.3445	0.0235
1.5085	0.032
1.4405	0.0235
1.948	0.0315
2.2585	0.0275
2.485	0.0305
2.5475	0.0345
2.108	0.025
1.9825	0.031
1.51	0.024
1.9625	0.033
1.5545	0.0295
1.794	0.026
2.117	0.0275
1.755	0.026
1.7825	0.0335
1.395	0.0305
1.5915	0.031
1.2875	0.034
1.4635	0.0325
2.018	0.0355
2.042	0.0335
2.5015	0.036
2.6455	0.042
2.9805	0.029
3.8415	0.038
3.9325	0.0405
3.9225	0.039
0.633	0.025
1.416	0.0285
1.4025	0.0295
1.624	0.025
1.545	0.025
1.4355	0.022
1.1155	0.023
1.937	0.0395
2.295	0.032
1.4685	0.032
1.9745	0.038
2.049	0.0325
2.6295	0.0345
2.353	0.031
3.332	0.037
3.5535	0.039
3.7155	0.032
3.881	0.0325
3.9065	0.0365
3.9665	0.0355
4.173	0.0425
3.896	0.033
3.5995	0.032
3.3065	0.0335
3.8605	0.041
3.844	0.0475
3.801	0.04
2.4875	0.039
2.166	0.034
1.905	0.0435
2.0605	0.0425
2.57	0.038
2.8135	0.051
2.7285	0.0425
2.744	0.039
2.9985	0.041
3.273	0.0405
3.2695	0.043
3.635	0.0435
3.7185	0.05
4.3185	0.046
4.4875	0.049
4.9565	0.0465
4.4905	0.0435
4.49	0.04
4.573	0.0435
4.5285	0.0375
4.182	0.042
5.078	0.055
5.193	0.0525
5.7465	0.047
5.414	0.0515
5.8575	0.046
5.536	0.06
5.317	0.0605
5.8715	0.055
5.9335	0.0655
5.884	0.041
5.3215	0.052
6.338	0.067
6.574	0.0615
6.508	0.0595
7.016	0.0635
7.4055	0.066
7.486	0.0635
6.5835	0.0515
8.2715	0.0635
7.684	0.0665
7.9715	0.06
8.183	0.059
7.826	0.0675
7.1575	0.054
7.5965	0.059
6.6575	0.04
6.2715	0.0565
6.3925	0.065
5.8925	0.047
6.5145	0.052
5.7025	0.05
5.35	0.0495
4.92	0.047
5.1715	0.0425
5.3765	0.049
5.413	0.0445
5.4595	0.054
6.492	0.068
5.8045	0.0465
6.158	0.065
6.7095	0.06
6.853	0.046
7.1875	0.065
7.8005	0.0715
8.274	0.0645
8.2075	0.068
8.568	0.0725
8.3445	0.0675
8.2665	0.071
8.39	0.0645
8.6215	0.07
9.2245	0.0665
9.0425	0.0755
9.3905	0.0755
8.8725	0.066
8.7885	0.0655
8.7935	0.066
8.473	0.067
8.83	0.063
8.826	0.0625
7.9465	0.0625
8.275	0.068
9.3355	0.064
9.108	0.074
9.345	0.07
9.2385	0.085
9.3855	0.082
9.497	0.0755
9.729	0.081
10.0935	0.08
9.713	0.0805
9.156	0.08
9.0505	0.078
9.6855	0.079
8.892	0.0735
8.9295	0.0755
9.456	0.0805
8.861	0.082
9.454	0.079
9.6795	0.0875
9.828	0.0835
9.2275	0.0815
9.5025	0.087
9.211	0.0805
9.4995	0.083
9.1655	0.079
9.555	0.091
9.896	0.0895
9.755	0.08
10.135	0.0955
10.103	0.0935
9.8295	0.0825
9.879	0.0865
9.905	0.075
9.63	0.095
9.3165	0.078
8.7875	0.0815
9.1995	0.0845
9.07	0.083
9.16	0.0755
9.365	0.086
9.926	0.1045
9.53	0.0995
9.554	0.0885
8.9375	0.0855
9.1545	0.081
9.165	0.0835
8.9915	0.079
8.9355	0.075
9.376	0.095
8.615	0.084
8.835	0.084
8.749	0.088
8.6925	0.081
9.212	0.09
9.741	0.09
10.666	0.107
10.884	0.111
11.163	0.0965
11.538	0.1025
11.7685	0.0975
11.0385	0.0945
11.7035	0.0915
11.175	0.0985
11.5945	0.0975
11.6015	0.096
11.205	0.0855
11.6825	0.083
11.496	0.0925
11.4485	0.0925
11.515	0.096
11.885	0.099
11.786	0.087
12.061	0.1035
11.9345	0.0885
11.9255	0.1065
12.1965	0.102
11.398	0.083
11.0895	0.0935
10.828	0.081
11.21	0.092
11.2095	0.0905
11.403	0.0995
11.525	0.092
11.4125	0.089
11.928	0.0915
12.1585	0.103
11.8935	0.0845
12.3295	0.0975
12.3805	0.081
12.663	0.0885
12.633	0.1075
12.8085	0.1045
12.8315	0.1045
12.438	0.1025
12.293	0.103
12.4655	0.1135
12.4665	0.1065
12.393	0.1135
12.2995	0.1045
12.675	0.1175
11.832	0.121
11.847	0.109
11.79	0.1235
12.017	0.1215
11.8835	0.1225
12.1635	0.1115
11.7065	0.1045
12.2285	0.115
11.1705	0.1065
11.1825	0.1045
10.9555	0.1145
10.832	0.1145
9.983	0.1
9.6775	0.0945
10.296	0.107
10.064	0.0965
10.446	0.091
10.8735	0.1125
10.5545	0.11
10.5255	0.1025
10.133	0.093
10.5195	0.107
10.656	0.1105
11.1575	0.115
10.9875	0.106
11.136	0.1065
11.4215	0.1085
11.3115	0.1045
11.8105	0.106
11.1735	0.0965
11.15	0.107
10.9745	0.093
9.216	0.078
8.7445	0.0695
9.2975	0.0745
11.0825	0.0955
10.6635	0.089
11.482	0.0985
11.776	0.109
11.602	0.097
12.3145	0.0985
12.2135	0.104
12.894	0.1
13.646	0.1125
13.174	0.1055
12.972	0.094
13.627	0.115
13.899	0.114
13.607	0.111
12.804	0.0875
13.152	0.1
13.2885	0.1065
13.212	0.105
13.554	0.111
13.0115	0.1255
12.672	0.1125
12.831	0.1035
13.0695	0.126
11.925	0.124
11.5625	0.111
11.2705	0.1095
10.465	0.102
9.7035	0.0965
10.041	0.0995
10.4075	0.1065
10.4615	0.109
10.8565	0.0905
11.271	0.1
10.8095	0.0935
10.253	0.08
10.9345	0.093
11.226	0.09
12.1985	0.0935
12.469	0.0975
13.361	0.12
13.4035	0.105
13.518	0.104
13.0135	0.1065
13.4255	0.1035
13.712	0.1085
14.813	0.128
14.3745	0.114
14.6905	0.1155
14.5825	0.1185
14.276	0.114
14.5555	0.111
14.6815	0.1095
13.9695	0.1135
14.26	0.102
14.5425	0.1235
14.1245	0.1275
14.715	0.132
14.602	0.1525
13.917	0.1355
14.261	0.1385
14.232	0.13
14.0005	0.1405
14.1345	0.1405
13.2295	0.109
12.981	0.1115
13.1015	0.1255
12.8635	0.124
13.0375	0.1375
12.9455	0.1175
13.2295	0.1185
12.55	0.1165
12.8335	0.1125
13.5075	0.115
13.385	0.112
13.563	0.126
13.778	0.122
14.476	0.1335
15.0485	0.1445
15.279	0.141
15.27	0.129
15.513	0.1435
15.9735	0.1485
15.9075	0.155
15.268	0.1365
15.36	0.1435
15.8715	0.1575
15.96	0.1585
15.433	0.1535
15.823	0.156
15.237	0.147
15.9495	0.1555
16.304	0.1555
15.798	0.149
15.6425	0.1545
14.4475	0.1335
14.685	0.135
14.9435	0.1365
15.476	0.153
15.3005	0.126
15.5025	0.143
15.9	0.1515
15.6615	0.1545
15.857	0.16
15.8935	0.137
16.087	0.1595
15.3485	0.1385
14.926	0.1275
15.7585	0.1585
15.36	0.136
15.6285	0.1375
15.7675	0.154
16.341	0.14
15.9415	0.1405
16.8085	0.1615
16.437	0.1585
16.5645	0.155
16.687	0.1605
16.4515	0.158
16.419	0.1505
16.311	0.157
16.1475	0.148
16.2935	0.139
15.989	0.141
15.6305	0.151
16.446	0.155
16.1265	0.1495
16.1715	0.142
15.9365	0.145
15.793	0.1505
15.3535	0.151
15.928	0.152
16.268	0.1705
16.2305	0.184
16.45	0.176
16.1425	0.169
15.609	0.1615
15.263	0.1575
15.2415	0.1655
15.0885	0.1515
13.4905	0.135
13.6485	0.128
12.9685	0.127
12.993	0.1265
12.3655	0.121
12.094	0.119
11.33	0.1085
11.641	0.105
11.5855	0.1045
11.3595	0.1
11.62	0.102
11.6185	0.1
11.4075	0.102
11.0045	0.1025
11.5155	0.1135
11.2	0.104
11.9335	0.1005
11.389	0.105
11.4675	0.097
12.4425	0.089
12.759	0.114
12.8525	0.1075
13.1785	0.108
13.815	0.104
13.8645	0.118
13.972	0.1115
11.145	0.0835
11.155	0.09
11.251	0.0875
11.0065	0.0845
11.684	0.1
11.9685	0.103
11.8375	0.1045
13.0055	0.1245
13.214	0.128
13.606	0.1445
14.6955	0.1585
16.444	0.166
15.5095	0.1675
14.903	0.1515
14.404	0.137
14.0435	0.1225
13.79	0.1265
