-4.076	0.015
-3.955	0.0115
-4.259	0.0135
-4.2835	0.011
-3.9905	0.0135
-4.3395	0.009
-3.9	0.018
-4.1675	0.0125
-3.871	0.0135
-3.7685	0.015
-4.034	0.0135
-4.136	0.0135
-4.2815	0.0145
-3.849	0.012
-3.7875	0.009
-2.7185	0.0125
-1.976	0.0185
-1.631	0.025
-1.5915	0.024
-1.1495	0.023
0.3115	0.0285
0.254	0.029
-0.016	0.026
-0.556	0.035
-1.4615	0.0265
-1.2475	0.0255
-1.7365	0.0255
-1.2375	0.0225
-0.4485	0.0325
-1.0595	0.0295
-0.857	0.0245
-0.524	0.0325
-0.1505	0.031
-0.8285	0.035
-0.774	0.0285
-1.2275	0.0305
-1.1915	0.026
-1.5245	0.024
-1.362	0.0275
-1.3385	0.0285
-1.5885	0.0205
-1.2775	0.031
-2.039	0.0245
-1.996	0.022
-2.398	0.017
-2.5095	0.0205
-3.691	0.0165
-4.251	0.009
-4.2675	0.012
-4.6815	0.0135
-4.8085	0.016
-4.635	0.012
-4.631	0.017
-4.8085	0.0085
-4.876	0.011
-4.6125	0.011
-4.985	0.0115
-4.539	0.0115
-4.6525	0.015
-4.171	0.0135
-3.8255	0.0135
-3.538	0.016
-3.4215	0.0135
-3.676	0.022
-1.8855	0.019
-2.04	0.0145
-1.7045	0.0225
-1.093	0.0265
-0.2345	0.0325
0.822	0.031
1.485	0.0395
1.775	0.0415
1.9195	0.039
2.363	0.044
2.894	0.0435
2.283	0.046
2.3665	0.0405
2.556	0.0495
2.842	0.0565
1.4265	0.042
0.97	0.0325
0.6465	0.0335
1.124	0.0315
1.199	0.0335
0.9325	0.0305
1.1965	0.0365
0.8995	0.0325
0.271	0.0335
-0.1365	0.0275
-0.2165	0.032
-0.6435	0.0225
0.091	0.0285
-0.3275	0.0265
-0.222	0.0255
0.3635	0.0325
0.1215	0.028
0.8035	0.0385
0.798	0.0335
0.654	0.0345
1.129	0.0385
1.157	0.0345
-0.3825	0.019
0.0205	0.028
0.1225	0.0305
0.1695	0.029
0.354	0.034
0.9985	0.0365
-1.1065	0.026
-0.9805	0.027
-0.493	0.0325
-1.0015	0.0245
-1.274	0.019
-1.008	0.0265
-0.8985	0.0275
-0.638	0.0215
-0.383	0.031
-0.046	0.0295
-0.1415	0.0185
-0.0895	0.0235
0.149	0.03
-0.1815	0.0325
-0.167	0.027
0.6735	0.034
0.858	0.0415
1.1795	0.035
0.9385	0.036
1.582	0.047
1.476	0.0385
1.273	0.039
1.8175	0.039
1.78	0.0315
1.755	0.0345
1.7345	0.035
1.664	0.031
1.816	0.0405
1.337	0.0275
0.915	0.0275
0.378	0.0295
0.454	0.0325
-0.1105	0.021
-0.7085	0.0245
-0.5765	0.025
-0.711	0.025
-0.6865	0.0245
-0.614	0.026
-0.349	0.023
-0.0405	0.035
-0.084	0.0305
-0.322	0.029
-0.1375	0.0335
-0.0125	0.029
0.099	0.028
0.1445	0.0315
0.7425	0.0295
0.3775	0.0315
0.3285	0.033
0.4355	0.0225
0.438	0.03
0.236	0.033
0.0195	0.0285
-0.034	0.027
-0.134	0.031
0.334	0.027
0.734	0.028
0.8155	0.0325
1.3305	0.0385
1.725	0.033
2.1285	0.0325
2.7895	0.0425
1.814	0.036
2.2765	0.0345
2.582	0.033
2.629	0.0405
3.35	0.051
2.9945	0.04
3.2685	0.04
3.484	0.042
2.809	0.045
2.569	0.038
2.778	0.045
2.9	0.0465
2.9245	0.047
3.219	0.0435
4.0125	0.0535
5.051	0.0665
5.107	0.0665
5.229	0.07
5.253	0.063
6.268	0.076
6.3845	0.08
6.1705	0.0755
6.9305	0.0875
6.5715	0.072
6.0365	0.066
5.763	0.06
5.488	0.0735
5.228	0.067
5.6755	0.069
4.5605	0.05
4.295	0.053
3.964	0.0515
4.55	0.057
4.011	0.0555
3.8025	0.054
4.18	0.052
3.4315	0.0485
3.279	0.0505
3.5135	0.0615
3.1815	0.0505
3.044	0.049
3.086	0.056
3.1165	0.0555
2.592	0.044
2.2955	0.0415
2.2585	0.039
2.186	0.042
2.5815	0.0405
2.751	0.0465
2.525	0.045
2.418	0.0425
2.548	0.0385
2.765	0.0495
3.1195	0.0485
2.8225	0.046
3.1215	0.0465
2.159	0.04
1.9905	0.0385
2.0685	0.041
2.4005	0.042
2.2815	0.0455
2.6905	0.044
2.7875	0.0505
3.0255	0.05
3.413	0.0415
3.0615	0.0485
3.317	0.05
3.4585	0.052
3.721	0.038
4.223	0.067
5.113	0.061
4.6105	0.053
5.1065	0.06
4.6765	0.055
4.6105	0.0525
4.8365	0.055
3.55	0.0395
2.793	0.0525
3.307	0.0435
3.331	0.0365
3.3095	0.0515
3.6875	0.042
3.827	0.0365
4.0085	0.05
4.0635	0.054
3.931	0.049
5.303	0.0595
4.429	0.0605
3.87	0.0605
3.6825	0.057
4.1975	0.0545
4.61	0.058
4.673	0.071
5.1095	0.063
5.101	0.0715
5.798	0.067
5.602	0.061
6.2375	0.0785
6.3525	0.08
5.9225	0.0705
6.083	0.0725
5.62	0.0595
5.0285	0.068
5.739	0.0755
4.737	0.066
5.1665	0.0555
4.7375	0.0715
4.0205	0.06
4.057	0.056
4.8355	0.07
4.554	0.0575
4.7185	0.0615
5.2195	0.0705
4.013	0.0605
4.05	0.057
4.302	0.062
3.937	0.0615
3.344	0.05
3.781	0.053
3.3885	0.055
3.0175	0.0535
2.386	0.0435
2.775	0.0455
2.062	0.046
1.7515	0.0425
1.892	0.046
1.7365	0.046
2.746	0.044
3.2785	0.0475
3.3415	0.045
2.9245	0.048
3.471	0.0535
3.7705	0.0455
3.618	0.047
4.5845	0.0555
4.8335	0.0565
4.826	0.0555
5.204	0.065
5.4985	0.056
5.5915	0.0595
6.273	0.062
6.78	0.0745
6.5615	0.0725
6.5865	0.0655
6.894	0.074
6.5295	0.067
6.099	0.071
6.0835	0.0765
6.227	0.074
5.9735	0.069
6.2805	0.0695
5.67	0.0635
5.4125	0.0645
5.5615	0.058
5.6755	0.0695
5.4935	0.0635
5.8095	0.0685
5.444	0.0585
5.14	0.0645
5.388	0.067
5.7525	0.065
5.51	0.0585
5.689	0.0675
4.949	0.067
4.6485	0.0695
4.892	0.062
4.5725	0.051
4.611	0.0585
4.3885	0.0495
4.5095	0.05
4.2455	0.039
4.8895	0.051
4.539	0.063
4.0435	0.0535
3.9215	0.059
3.7365	0.048
3.482	0.0535
3.588	0.043
4.174	0.0565
4.118	0.057
4.072	0.0635
3.8155	0.0435
3.556	0.047
3.932	0.0585
4.051	0.067
4.1805	0.0575
3.6465	0.049
4.4395	0.065
4.6425	0.071
5.5	0.0665
4.333	0.05
4.803	0.0555
4.6345	0.0505
5.2615	0.0535
5.6555	0.058
6.238	0.068
6.7185	0.07
6.8375	0.0675
6.157	0.075
6.1295	0.0695
6.782	0.067
6.988	0.072
6.9805	0.0785
6.593	0.06
7.5505	0.078
7.003	0.0625
7.075	0.071
7.299	0.073
6.6045	0.06
6.0125	0.0685
5.8075	0.0575
5.493	0.0495
5.3725	0.058
5.629	0.07
5.33	0.065
6.044	0.064
5.28	0.0565
5.4805	0.053
5.365	0.0675
5.6225	0.0705
5.854	0.057
5.7055	0.065
5.574	0.052
5.143	0.06
5.406	0.0605
6.3155	0.073
6.1765	0.063
6.5515	0.066
6.1145	0.0655
6.151	0.067
6.9095	0.0665
6.848	0.0655
7.066	0.07
6.9065	0.0645
6.7685	0.0755
7.0485	0.075
7.093	0.0785
7.548	0.0685
7.0675	0.0755
6.949	0.076
6.3495	0.0715
7.543	0.079
7.2975	0.077
7.5595	0.0865
8.146	0.0875
8.253	0.093
7.8825	0.086
7.6005	0.075
8.17	0.087
7.4095	0.078
7.097	0.0845
7.3325	0.0775
7.045	0.0665
5.6535	0.066
5.4575	0.0615
5.5815	0.0695
6.302	0.077
5.9825	0.0705
5.855	0.075
5.7015	0.065
5.9205	0.065
6.001	0.0775
5.8695	0.0745
6.0315	0.0745
5.7055	0.0715
5.848	0.0655
6.5065	0.0705
6.094	0.0635
6.4415	0.0665
6.429	0.063
6.24	0.0695
5.9045	0.0825
5.545	0.067
6.3135	0.078
5.606	0.0645
5.2375	0.067
5.947	0.071
5.4055	0.073
5.6015	0.069
6.1545	0.075
6.1325	0.0785
6.6065	0.068
7.274	0.0735
7.1815	0.075
7.0565	0.0785
7.3585	0.071
7.86	0.083
7.501	0.0665
7.715	0.0915
7.0255	0.0785
6.944	0.0885
6.5365	0.0645
6.071	0.07
6.988	0.0645
6.994	0.0685
7.405	0.073
7.1685	0.0655
7.772	0.0785
8.2235	0.0745
7.9895	0.079
7.802	0.083
7.593	0.077
7.7055	0.08
7.399	0.075
7.706	0.074
7.2905	0.0785
7.092	0.071
7.015	0.071
7.0005	0.0705
6.862	0.073
5.743	0.0565
5.221	0.0555
6.047	0.0645
6.818	0.074
6.7765	0.0675
6.711	0.0685
6.7545	0.064
6.6245	0.0755
6.1465	0.064
6.2575	0.059
5.86	0.058
6.7485	0.06
3.964	0.042
4.29	0.0455
4.5525	0.0495
4.132	0.0535
4.2995	0.0545
4.2065	0.049
4.498	0.049
5.363	0.049
5.5885	0.0535
5.989	0.0565
