-10.499	0.001
-10.5695	0.0025
-10.401	0.0015
-10.2845	0.001
-9.731	0.003
-9.6715	0.0035
-9.147	0.0035
-8.8855	0.0025
-8.452	0.0015
-8.2475	0.003
-7.7015	0.0055
-7.2875	0.0055
-7.402	0.003
-6.781	0.0045
-5.391	0.008
-5.69	0.0065
-5.747	0.0065
-5.683	0.0055
-5.8535	0.0045
-5.417	0.008
-5.6035	0.0065
-5.497	0.006
-5.084	0.0065
-4.8745	0.0065
-4.5285	0.01
-4.33	0.012
-3.9925	0.01
-3.9025	0.0105
-3.1395	0.0175
-3.1555	0.018
-2.616	0.015
-2.651	0.0155
-2.375	0.015
-2.3205	0.0155
-1.926	0.0195
-1.917	0.017
-2.88	0.0225
-3.242	0.0195
-2.964	0.0165
-2.875	0.021
-2.595	0.02
-2.5095	0.024
-2.376	0.0225
-2.503	0.0145
-2.429	0.021
-2.052	0.0215
-2.2455	0.022
-1.789	0.0175
-1.654	0.0265
-1.7195	0.021
-1.8465	0.0245
-1.603	0.028
-1.5195	0.02
-1.4235	0.019
-1.4985	0.025
-1.6865	0.017
-1.176	0.0195
-1.2325	0.023
-1.1655	0.0325
-0.651	0.028
-0.9055	0.0255
-0.79	0.027
-0.6885	0.023
-0.856	0.022
-0.643	0.025
-0.574	0.024
0.3695	0.031
0.1865	0.033
0.3865	0.0315
0.008	0.0285
0.0615	0.0265
0.167	0.03
-0.0225	0.03
0.3585	0.0275
0.412	0.036
0.4585	0.021
0.1915	0.027
0.015	0.027
0.374	0.0305
0.151	0.0325
-0.107	0.028
-0.6755	0.025
-0.8155	0.0295
-0.6645	0.0255
-0.9175	0.024
-0.58	0.027
-0.9085	0.0235
-0.91	0.0245
-0.5095	0.032
-0.6835	0.024
-0.7045	0.031
-0.6335	0.03
-0.791	0.029
-0.6355	0.0255
-0.83	0.025
-0.852	0.0235
-0.5975	0.0325
0.4445	0.0365
0.646	0.0355
0.5295	0.0285
0.667	0.0315
0.6825	0.0285
0.827	0.033
0.98	0.0285
0.401	0.0295
0.7875	0.027
1.2455	0.0345
1.903	0.04
1.7505	0.032
0.7725	0.03
1.431	0.0425
1.6295	0.0435
1.702	0.041
1.4905	0.0305
2.082	0.038
2.212	0.047
1.7325	0.039
2.0365	0.0435
1.906	0.0425
2.1085	0.04
2.244	0.034
2.102	0.045
2.32	0.0395
2.1845	0.032
2.2315	0.033
1.7275	0.033
2.926	0.043
2.9775	0.035
2.6805	0.0325
2.341	0.0365
2.3875	0.035
2.408	0.034
-0.36	0.026
-0.2215	0.031
-0.3695	0.0275
-0.5215	0.022
3.3125	0.036
3.881	0.0365
4.018	0.0415
3.5725	0.053
3.076	0.045
3.356	0.0435
3.5535	0.052
2.8935	0.039
3.395	0.0385
3.6695	0.0535
3.2955	0.048
3.829	0.0495
3.82	0.0575
4.3885	0.057
3.7825	0.048
3.7255	0.053
3.828	0.044
3.75	0.0435
4.0105	0.0535
3.8565	0.05
3.829	0.049
3.899	0.0505
3.952	0.052
3.711	0.0535
3.9625	0.055
4.209	0.054
4.1375	0.0465
3.941	0.048
4.2005	0.0505
3.829	0.0465
2.6785	0.051
2.163	0.0345
2.2765	0.0465
2.6985	0.045
2.3105	0.049
2.541	0.045
2.2845	0.0455
1.447	0.032
2.0775	0.0445
2.0985	0.0415
2.2545	0.044
2.594	0.041
3.297	0.0505
3.173	0.0475
2.957	0.04
0.527	0.035
0.504	0.042
0.472	0.025
2.9995	0.046
3.3365	0.045
3.0215	0.042
3.769	0.0435
4.318	0.064
3.997	0.0535
3.9855	0.0535
3.874	0.0525
3.79	0.0455
3.9665	0.0575
4.071	0.0555
4.1355	0.05
3.7845	0.0495
3.7935	0.0505
4.1755	0.0495
4.0305	0.059
4.0105	0.0475
4.206	0.051
4.5975	0.06
4.6995	0.0555
4.8505	0.0535
4.8665	0.058
5.328	0.0605
5.6715	0.067
5.1195	0.063
5.1315	0.0595
5.2875	0.0605
4.9345	0.0555
4.926	0.063
4.919	0.051
4.8025	0.0595
4.8725	0.06
5.4715	0.057
5.2435	0.0595
6.234	0.0775
6.152	0.072
5.9435	0.067
5.968	0.0605
5.5245	0.0545
5.2815	0.065
4.7645	0.0495
4.959	0.0575
4.5945	0.0615
4.6405	0.066
3.803	0.0575
4.2985	0.053
4.39	0.055
4.333	0.0505
4.5465	0.058
4.4035	0.059
4.911	0.058
5.0975	0.0535
5.015	0.0585
5.258	0.0635
5.914	0.0685
5.3785	0.0565
4.943	0.066
5.373	0.066
5.046	0.0575
4.881	0.0615
4.9135	0.0595
3.8675	0.048
3.9955	0.0615
4.016	0.054
4.459	0.059
3.761	0.0495
3.963	0.0495
3.632	0.0475
3.7695	0.06
4.138	0.0495
4.291	0.0585
4.3535	0.0515
4.594	0.0625
4.0935	0.0515
3.8715	0.04
3.673	0.058
3.9865	0.05
4.0295	0.051
3.257	0.047
3.5905	0.0555
3.6885	0.053
4.261	0.056
4.365	0.052
4.487	0.0575
4.606	0.061
3.2205	0.0495
3.417	0.0525
3.1015	0.047
3.231	0.0545
3.5225	0.051
3.0675	0.05
3.1675	0.0545
2.4095	0.0415
4.5695	0.0485
4.6675	0.052
5.3655	0.0585
5.2755	0.0665
5.689	0.0555
2.637	0.0505
3.0825	0.0445
2.1355	0.0455
2.6445	0.0445
2.842	0.0465
2.668	0.0425
2.1745	0.0485
2.867	0.039
2.6835	0.0395
2.8205	0.0425
2.544	0.045
2.733	0.0425
2.727	0.041
4.8315	0.0585
4.839	0.06
5.0975	0.055
5.75	0.051
5.7275	0.0675
5.5105	0.056
6.074	0.0635
6.4545	0.0745
6.677	0.066
6.463	0.0675
6.6175	0.074
6.4545	0.0755
6.769	0.0735
6.8865	0.073
6.7875	0.073
7.718	0.0765
8.373	0.0905
8.259	0.0845
8.7895	0.093
8.5605	0.09
8.1735	0.0875
7.8335	0.0885
7.904	0.081
7.6095	0.088
7.6435	0.0865
7.1205	0.0695
6.7805	0.0725
6.3125	0.0685
5.7605	0.0615
5.435	0.0675
5.9535	0.0635
5.505	0.0655
5.7565	0.071
5.3745	0.069
5.2465	0.0605
6.021	0.069
6.2325	0.076
5.9385	0.063
6.1015	0.076
5.9615	0.0645
5.4405	0.0575
5.88	0.0615
5.662	0.0665
6.1915	0.07
5.986	0.058
6.0565	0.07
6.388	0.063
6.773	0.0725
6.8275	0.0745
6.6135	0.0675
6.746	0.0655
6.3985	0.062
7.3275	0.0695
7.6195	0.0715
8.3845	0.08
8.4	0.0735
8.9725	0.0785
8.9075	0.0625
8.9085	0.0695
8.7465	0.0755
8.7105	0.0685
8.751	0.071
8.57	0.0665
8.488	0.062
7.798	0.0605
6.785	0.055
6.4685	0.0445
6.731	0.0685
6.9455	0.064
6.876	0.0645
6.524	0.06
7.3955	0.071
6.736	0.064
7.5305	0.085
7.4975	0.068
7.734	0.0765
7.1835	0.066
7.362	0.068
7.162	0.0685
7.379	0.075
6.9975	0.065
6.6955	0.0725
7.2	0.0625
7.636	0.07
7.33	0.0755
7.27	0.0755
7.609	0.0675
7.2565	0.0585
7.3695	0.076
6.2305	0.0575
7.4885	0.074
7.3835	0.08
7.5675	0.0765
8.185	0.0795
7.905	0.0785
8.8945	0.0745
8.962	0.08
9.3195	0.0905
8.8305	0.0855
9.183	0.0895
9.7225	0.0965
9.581	0.092
9.3255	0.0905
9.536	0.1005
9.4815	0.1015
9.1745	0.0995
8.492	0.08
8.728	0.079
9.0115	0.103
8.903	0.0975
8.1805	0.08
8.6335	0.084
8.7915	0.0795
8.7195	0.082
8.9165	0.0945
9.167	0.101
8.856	0.088
9.0085	0.089
8.933	0.082
9.0625	0.0845
8.8775	0.0765
8.728	0.0825
7.592	0.068
7.7785	0.064
7.231	0.059
7.416	0.0655
7.352	0.059
7.0385	0.0565
7.343	0.0685
7.1885	0.0615
7.4985	0.064
7.175	0.065
6.882	0.0545
7.0475	0.0555
7.428	0.0565
6.9775	0.0585
6.4875	0.0535
6.7335	0.0485
7.552	0.051
7.6135	0.061
7.203	0.0545
7.978	0.0625
7.851	0.066
8.7295	0.07
8.869	0.074
8.4625	0.0575
8.754	0.0705
8.8055	0.0705
9.6775	0.077
9.611	0.075
9.4055	0.0835
10.1335	0.085
10.0725	0.0975
9.872	0.086
9.2555	0.087
9.654	0.081
9.7805	0.091
9.3635	0.074
9.352	0.077
9.3825	0.091
9.083	0.091
9.3505	0.0785
9.4295	0.089
9.027	0.076
9.1145	0.0805
8.7705	0.0695
8.6655	0.078
8.513	0.0805
8.675	0.0695
8.935	0.09
7.4605	0.0745
6.816	0.0635
6.075	0.0625
5.699	0.054
5.4785	0.0505
5.691	0.043
5.2855	0.054
5.6365	0.0585
5.93	0.064
6.1	0.055
5.705	0.06
5.7215	0.0545
5.7785	0.0515
6.6105	0.0545
4.961	0.044
5.231	0.0435
5.6045	0.0535
5.3755	0.05
5.16	0.0495
6.575	0.068
5.85	0.0575
6.397	0.067
5.6345	0.0475
6.019	0.0675
5.6535	0.0685
5.654	0.0685
5.303	0.056
5.4655	0.0625
5.4	0.0605
5.575	0.067
5.4825	0.0525
5.4425	0.051
6.168	0.071
6.2735	0.0745
6.327	0.064
6.592	0.0695
