-4.3315	0.0085
-4.227	0.007
-3.655	0.0105
-4.2785	0.0115
-4.29	0.006
-3.828	0.008
-3.402	0.005
-2.568	0.007
-3.0395	0.009
-4.0705	0.011
-4.6255	0.011
-4.399	0.013
-3.349	0.015
-2.8635	0.0135
-3.157	0.011
-3.359	0.016
-2.3445	0.013
-2.2305	0.0135
-2.4175	0.0155
-2.316	0.0155
-1.6155	0.0205
-1.758	0.0165
-1.9365	0.014
-2.2955	0.0095
-2.224	0.0185
-2.287	0.0135
-1.9615	0.016
-2.3825	0.0185
-2.5125	0.0115
-2.8135	0.0105
-1.967	0.0195
-1.952	0.0125
-1.612	0.0145
-1.4125	0.0135
-1.378	0.015
-1.586	0.0265
-0.954	0.023
-0.8305	0.021
-1.0925	0.0205
-1.1095	0.013
-1.7305	0.016
-1.584	0.0195
-1.602	0.019
-2.16	0.0175
-2.1595	0.0125
-1.952	0.017
-1.751	0.017
-1.5755	0.0165
-1.685	0.0175
-1.415	0.0185
-1.748	0.0185
-1.246	0.017
-1.292	0.0215
-0.3255	0.023
-0.3835	0.023
-0.2795	0.0235
-0.066	0.033
-0.229	0.0185
-0.067	0.0245
0.0565	0.0265
0.243	0.026
-0.1345	0.024
-0.104	0.0275
0.018	0.0265
0.6195	0.0245
0.559	0.0345
0.682	0.0225
0.462	0.024
0.961	0.0335
0.4695	0.024
0.927	0.0345
0.0685	0.0195
0.6785	0.033
0.0145	0.0245
0.041	0.0295
0.072	0.026
0.1255	0.0245
-0.188	0.0285
0.155	0.0315
1.123	0.0295
1.656	0.04
1.4825	0.0365
2.0525	0.035
2.0855	0.04
2.0275	0.0365
2.09	0.035
2.223	0.04
2.6095	0.037
2.443	0.0345
2.648	0.056
2.4035	0.0405
2.4345	0.038
2.6385	0.039
2.5285	0.035
2.6475	0.0415
2.3785	0.0465
2.1245	0.0335
1.9095	0.042
2.35	0.041
2.6585	0.0465
2.546	0.041
2.374	0.0435
2.249	0.038
2.273	0.0445
2.549	0.0485
2.339	0.054
2.0865	0.037
2.5525	0.048
2.684	0.0445
2.641	0.042
2.9755	0.053
3.0755	0.044
2.661	0.051
2.1235	0.0465
1.3475	0.033
2.2015	0.0375
2.859	0.048
3.4445	0.052
3.4825	0.054
3.4205	0.0485
3.2265	0.05
3.2935	0.051
3.441	0.0515
3.7655	0.0485
4.1075	0.054
3.242	0.0525
3.106	0.0555
3.024	0.0445
2.8345	0.046
2.776	0.047
4.0485	0.0535
5.1805	0.0605
4.573	0.06
4.8335	0.061
3.979	0.0505
3.8005	0.054
4.458	0.055
3.9365	0.0535
4.6325	0.0585
4.5125	0.055
4.143	0.047
4.245	0.052
4.6435	0.056
4.9985	0.0575
5.0165	0.0555
4.6125	0.0515
5.143	0.061
5.4395	0.0675
4.126	0.056
4.337	0.06
4.703	0.067
4.2355	0.055
4.924	0.0625
4.816	0.057
5.045	0.0655
5.1145	0.0595
4.8715	0.0625
5.1645	0.06
5.125	0.0575
5.0195	0.061
5.4225	0.06
5.0405	0.058
4.59	0.0605
7.416	0.083
7.328	0.0705
7.832	0.088
7.4025	0.068
8.2795	0.0955
7.967	0.0855
7.9965	0.0815
8.2205	0.084
8.503	0.0955
8.649	0.0845
9.9835	0.1025
9.407	0.1005
9.357	0.0905
9.7365	0.0895
9.4895	0.099
8.912	0.094
8.3705	0.078
8.4575	0.0755
8.496	0.0945
8.7055	0.0795
8.1695	0.079
9.129	0.0885
8.129	0.0985
4.81	0.063
5.049	0.0615
4.3295	0.0555
4.585	0.0515
4.2635	0.053
4.2845	0.0445
4.713	0.0545
4.1695	0.0445
5.992	0.0625
6.5255	0.0665
6.512	0.0725
6.5735	0.076
6.473	0.0765
6.129	0.0735
6.6785	0.079
6.132	0.061
6.6195	0.0765
6.813	0.071
7.2835	0.0815
7.214	0.0755
8.0345	0.085
7.9005	0.082
9.091	0.093
9.2545	0.091
9.547	0.1035
9.327	0.09
9.572	0.09
9.1615	0.0825
9.517	0.086
9.781	0.0995
8.67	0.09
8.6525	0.0805
8.9935	0.0895
9.462	0.0835
9.4765	0.0895
9.531	0.102
9.4475	0.1
9.457	0.0835
10.224	0.1005
10.6525	0.104
11.051	0.1135
11.1055	0.1045
10.5735	0.0915
10.627	0.0985
10.7685	0.102
10.9525	0.101
11.334	0.1085
10.7115	0.1015
10.699	0.1015
10.7125	0.0885
10.537	0.1025
10.0275	0.0895
10.235	0.0955
10.0315	0.108
10.3515	0.104
9.54	0.089
9.5335	0.0885
8.112	0.079
7.9155	0.079
9.0685	0.0805
8.963	0.0805
8.568	0.078
8.4775	0.086
8.444	0.076
8.2225	0.0625
8.5585	0.0755
8.0805	0.0755
8.2515	0.072
8.136	0.064
8.495	0.0855
8.4395	0.0785
8.3875	0.0765
7.809	0.0805
7.6355	0.0795
7.853	0.095
7.5985	0.078
7.802	0.0895
8.048	0.0885
8.2985	0.0885
7.734	0.0855
7.875	0.0855
7.4195	0.071
7.661	0.092
8.182	0.0845
8.502	0.097
8.061	0.091
6.09	0.053
5.873	0.0565
5.8435	0.061
5.973	0.0555
6.0085	0.048
6.281	0.065
6.7795	0.0625
5.6625	0.05
6.088	0.055
6.218	0.0525
6.236	0.058
6.2305	0.0545
6.3365	0.056
6.159	0.052
6.9055	0.061
6.5425	0.0605
6.862	0.0605
7.1205	0.061
7.0875	0.055
7.6595	0.0595
7.723	0.075
8.112	0.069
8.8145	0.0745
8.14	0.0625
10.9235	0.0955
10.7885	0.097
8.6975	0.08
8.944	0.0835
8.8335	0.0865
8.5785	0.08
9.091	0.077
8.911	0.075
8.823	0.09
9.563	0.0955
8.5685	0.0735
9.502	0.0875
9.7235	0.093
9.5345	0.0875
9.496	0.0895
9.823	0.094
11.3605	0.108
11.136	0.1035
11.131	0.108
11.4765	0.1125
11.7525	0.1055
12.1335	0.11
11.6235	0.11
11.335	0.095
11.25	0.0955
11.4035	0.1025
10.808	0.094
10.5025	0.1035
9.1705	0.0825
9.384	0.0785
9.42	0.0955
9.537	0.0775
9.4305	0.084
9.4235	0.0905
10.6985	0.0965
12.0945	0.1155
11.92	0.1115
11.9495	0.114
12.031	0.1165
12.244	0.108
12.4045	0.1295
12.671	0.114
12.7805	0.118
12.519	0.11
12.8655	0.135
13.148	0.124
13.1615	0.123
12.272	0.12
10.844	0.1025
7.691	0.0715
7.5955	0.064
7.5225	0.0615
6.519	0.069
7.12	0.0705
8.5845	0.091
9.394	0.0915
9.2245	0.098
9.715	0.0915
9.711	0.101
10.486	0.1125
10.755	0.114
11.315	0.1185
11.281	0.1185
11.1785	0.115
11.55	0.1235
11.198	0.0985
10.8125	0.104
11.285	0.1135
11.0475	0.111
10.941	0.107
9.6075	0.0915
9.418	0.0945
9.8955	0.0995
9.52	0.1
9.3415	0.096
9.7985	0.0975
9.5285	0.087
11.005	0.112
10.951	0.0935
11.58	0.103
12.1395	0.108
11.4295	0.1045
12.8935	0.0975
13.105	0.119
13.0175	0.1135
12.9265	0.111
13.192	0.1125
13.3415	0.117
12.6165	0.1275
13.3715	0.1295
13.554	0.1335
13.504	0.1285
13.5275	0.127
13.7205	0.129
13.712	0.1265
13.4205	0.1205
13.8965	0.1305
13.407	0.122
13.276	0.127
13.85	0.1205
13.169	0.118
12.971	0.1205
11.434	0.0915
10.854	0.0825
10.597	0.086
9.7055	0.076
9.7915	0.0745
10.398	0.0705
10.2125	0.0835
9.986	0.0765
10.261	0.0795
10.3915	0.069
9.8825	0.075
10.4565	0.086
10.674	0.083
10.47	0.08
10.5945	0.087
10.343	0.086
10.4155	0.0855
11.4005	0.0985
12.0835	0.1035
11.7975	0.0925
12.501	0.1075
12.7315	0.123
12.3115	0.1185
12.6915	0.113
12.321	0.1035
12.4785	0.098
12.2045	0.0995
12.6035	0.1105
12.445	0.1165
12.136	0.1115
12.4175	0.1085
12.9285	0.114
12.285	0.1145
12.4275	0.1055
13.1195	0.1275
13.4105	0.1135
13.3385	0.1185
13.0235	0.1225
12.9725	0.117
12.759	0.107
12.462	0.1085
12.352	0.0985
11.881	0.098
11.4375	0.0915
11.8035	0.0965
11.613	0.101
11.3485	0.097
10.0385	0.084
10.786	0.105
10.296	0.1025
10.8705	0.1005
11.0305	0.1085
11.308	0.103
11.262	0.1165
11.4255	0.117
11.827	0.117
11.586	0.118
11.6125	0.1005
10.7935	0.102
10.9325	0.1075
11.272	0.099
11.631	0.121
11.495	0.1185
11.035	0.112
11.3505	0.1295
10.663	0.1025
10.408	0.0955
10.8355	0.111
10.8585	0.11
11.092	0.103
10.8725	0.1035
11.3415	0.1105
12.6	0.126
12.194	0.12
12.494	0.1095
12.9455	0.125
12.824	0.1235
12.7045	0.1075
13.108	0.123
13.839	0.1325
14.1	0.125
14.6445	0.138
15.9465	0.1425
15.574	0.1375
15.5725	0.1535
15.7745	0.15
13.1765	0.1285
13.324	0.115
13.062	0.121
12.8285	0.103
13.025	0.107
12.538	0.115
12.857	0.1205
11.881	0.094
12.632	0.1135
12.161	0.096
14.4465	0.123
14.375	0.1225
14.1735	0.13
14.1085	0.1205
13.5855	0.1175
13.288	0.117
13.022	0.12
